-13592318.66140
-4253480.75679
-2394250.12731
-2161670.23645
-2089979.72976
-2054549.00332
-2041243.50239
-2036613.64814
-2029084.54767
-2026524.40820
-2027147.13832
-2024961.17340
-2023046.97298
-2021536.37427
-2019367.33923
-2017783.17815
-2017012.74878
-2016177.46768
-2015422.87679
-2015234.99286
-2015037.50307
-2014437.19120
-2014009.23858
-2013773.26610
-2013312.25109
-2013594.46881
-2013972.15127
-2013833.39114
-2013734.27527
-2013690.72576
-2013475.80441
-2013250.65964
-2013151.32390
-2013122.57988
-2012999.17427
-2012894.23818
-2012849.92469
-2012938.77219
-2012946.35930
-2012880.94780
-2012821.36541
-2012774.32575
-2012740.05545
-2012721.10438
-2012722.32233
-2012729.14419
-2012727.09534
-2012721.09756
-2012717.41496
-2012722.82251
-2012740.95074
-2012751.55962
-2012743.69013
-2012730.25946
-2012717.97455
-2012708.46428
-2012701.98304
-2012698.38225
-2012697.38833
-2012698.74928
-2012702.28846
-2012707.88214
-2012715.42067
-2012724.78907
-2012735.86531
-2012748.52520
-2012762.64723
-2012778.11587
-2012794.82335
-2012812.67048
-2012831.56683
-2012851.43050
-2012872.18754
-2012893.77104
-2012916.11901
-2012939.16819
-2012962.82491
-2012986.71855
-2013006.71054
-2013037.17668
-2013070.87931
-2013103.62383
-2013135.56949
-2013166.90218
-2013197.79118
-2013228.38098
-2013258.79229
-2013289.12501
-2013319.46137
-2013349.86867
-2013380.40174
-2013411.10489
-2013442.01364
-2013473.15615
-2013504.55441
-2013536.22524
-2013568.18120
-2013600.43125
-2013632.98137
-2013665.83509
-2013698.99392
